395495
950160
 57002
961252
834138
548069
834191
577996
844663
174685
889934
860909
811768
810038
 60056
726005
 85309
366600
755507
377878
222670
750822
747980
878387
648646
 74338
632457
908965
266471
352326
962683
178318
302486
 19686
139570
652976
 84107
490113
230972
445122
181150
120906
822384
992919
447296
882440
718924
 48957
249040
990783
426835
988062
257958
691168
866450
906604
281858
 15259
331921
 64681
367585
294605
242999
186423
830643
898922
839399
914750
905387
586723
876224
 86538
223981
698608
 79457
671278
 97401
314733
236587
862793
305516
179775
367208
 79826
870943
750010
986431
669153
765269
318352
733834
649206
612957
493185
351981
443600
392107
707732
874702
297495
294455
267279
384033
 34788
965887
979842
222418
579640
294575
459006
442434
116443
638781
325994
196270
 26076
 76004
699053
695229
357625
 17405
429063
523183
146715
922248
875164
106667
830708
582896
981370
644555
393703
765001
544940
428491
730888
524782
650910
826881
335709
109916
785667
452152
265049
111661
164774
291125
187665
863827
986354
545290
397585
931769
 68473
 60652
370369
459989
167319
201077
 42885
665041
845632
952940
430042
390572
381431
677283
431706
548693
 20516
767415
174961
806183
735920
440010
917844
900694
247487
105509
280874
750193
167151
194811
681962
751976
255463
 52332
211965
939134
769761
771202
120528
615394
724142
 66922
522318
621925
260557
954025
686971
281073
721440
861932
 87256
973712
818295
521452
874407
582134
143313
155281
332328
310464
350092
530642
578792
121907
 99326
307109
577393
385440
 78311
697921
   834
318805
764844
 39504
457083
 25401
509881
144054
306475
747674
522338
910083
721386
856985
431536
595793
955472
574849
267426
287800
401666
133870
334794
980458
772129
950473
803920
349523
335913
882231
 47444
853099
717389
328640
892603
174472
354042
402485
834878
176869
666511
873568
603304
387897
246906
 34840
983691
202378
126042
767469
  6530
 44060
417692
341324
540870
189821
291797
344790
539344
144062
743374
586789
997161
460763
915429
406117
151587
785823
324954
502817
962692
991465
376385
 82349
379362
623291
117189
879405
825669
759583
163227
348551
803643
580919
689876
344514
770740
498025
205656
310085
642088
949030
413226
639249
409793
845007
561718
 77732
630831
886672
580549
109875
878137
956935
192224
773852
 96578
825766
653257
438600
585349
816484
787151
905345
397403
993379
766211
684496
491405
971867
994581
649845
920898
407807
805446
847043
769166
367165
924776
399997
253837
 21677
 26225
648327
978612
218449
422179
591543
560567
591788
546495
662269
408273
849998
567614
322028
843378
333825
  6524
851135
822044
517457
500980
259294
441616
822778
106338
210783
189943
547466
610780
960133
569143
153357
124812
 64108
371807
546991
172003
932374
655131
718498
594643
579756
568496
678609
901785
928226
528786
424661
779361
350831
458471
796693
126477
900087
619472
232815
110870
325767
296633
238003
285900
382129
391360
410712
446237
279519
474055
134592
728246
129187
853090
839241
708943
937938
517851
127080
866165
562989
 68094
161878
430172
526565
958572
556650
426652
578044
789465
 53875
420163
602451
808230
706064
984580
199590
633128
947169
995462
623536
 81761
723708
269075
451203
 79301
978018
905493
597152
621451
288010
676494
689545
449889
106666
216110
924813
663316
159114
 19209
969134
729341
439372
571585
537571
661788
 72517
253514
811269
 19686
248976
434805
617799
489036
703880
585354
568337
198250
  7199
681842
336053
295210
358336
 25598
261451
465002
758060
702616
128319
433527
721825
613805
162868
677549
185390
216792
339338
774259
470306
150607
793945
719282
101764
928096
724670
321996
513450
293007
 36598
520649
974849
372652
332211
849537
914602
110014
314540
189015
812630
959211
138894
534455
573016
818114
728357
274758
 34906
 67695
 49017
 21564
734654
359314
740846
352770
803762
981868
191118
833564
274876
227716
870565
766077
116720
202777
615615
547675
312791
446507
253042
125422
922070
391936
176229
 11438
210050
420938
286196
761309
  4985
851565
782873
255991
727231
 40072
608761
530993
 21940
316231
364557
296816
 60300
235122
579246
177020
954251
194861
241047
267043
157720
494089
908817
 79790
886025
601398
 91228
612428
 22337
893776
373737
543674
745341
672962
799666
988924
713034
408427
519917
734975
241011
884474
548143
301311
635948
127389
478331
590200
838602
235731
373595
996322
729820
282412
 76112
132198
400162
683692
744626
938851
577468
634715
482526
839161
307677
282192
828085
 20712
206971
348002
272039
447982
748828
820182
265645
901129
463924
743977
491329
302526
979708
864924
298849
225880
663688
891313
358078
580202
575006
619056
 35406
668826
253771
517932
 24340
 77801
316476
852425
614865
 39799
716780
886904
  4134
981960
707086
269779
883089
687362
530108
890770
989889
 26168
755694
805090
252049
935734
212755
126479
515937
304113
745536
551343
972940
515659
585627
997280
593460
418455
366057
208325
458254
599189
611581
978740
581150
318668
248520
980591
  6030
294980
871362
512271
321149
143408
317361
573198
595495
 46469
216029
111432
350582
961565
179127
323522
477225
281106
837154
587037
699561
719564
311715
674167
318753
923296
652908
416255
758316
417780
913199
280699
712760
300913
792970
 33909
444321
626684
123459
 39816
673153
855841
667600
 23735
817406
363079
863610
810983
160537
217116
914373
860098
936680
226088
 50618
771786
149384
219878
704393
907701
637658
617592
704752
866770
434857
497722
417032
879179
640758
 56843
435347
830263
912684
619300
370351
246443
498731
233961
 57426
659269
967429
971799
 35719
420462
714239
 86337
708600
379976
822567
412993
804029
976577
546938
508781
843348
981795
522855
776732
377326
163614
833575
812674
993877
262612
948326
880580
509055
447057
630893
 82833
106326
598323
570985
658398
535137
285224
744735
243737
665200
 83655
173082
469229
 60232
720020
494362
419932
218168
 17218
196664
595494
180832
546592
924520
691061
809204
872846
571642
834611
836256
718887
917444
458934
317210
488429
117332
852347
290006
378420
612436
471558
462075
785519
457140
 38659
 21891
951502
458592
240059
968720
171608
835554
665904
718200
276426
356966
 43756
665625
444960
394719
501881
680199
828516
477167
997410
833297
594500
366109
123303
972920
494898
594862
951347
280417
568354
990006
302308
519856
448598
 58720
488577
136559
410626
154481
854759
687052
 27799
414868
869029
989111
809587
887262
669311
154455
364430
183073
987753
958930
 65534
111056
448202
560432
222270
399549
357201
790624
389555
175862
310481
354506
234582
315410
491065
645208
986243
862176
848612
530395
793396
717642
519506
119336
604904
705169
273791
969334
404594
261544
444616
470129
888953
892818
546913
111223
292367
420467
418200
198275
596329
245033
 69133
347263
 76795
 76550
992471
 63038
455078
357435
593433
248475
 75077
629292
367811
196334
334461
157954
165668
255408
419499
610285
725537
308452
503103
788802
936027
311823
725621
870579
 26450
321950
631964
611935
669213
708759
688485
178036
771798
143563
535472
881583
908390
126901
510875
276201
323235
361689
950508
488904
617097
370007
615541
858986
194811
634996
164140
647190
463171
889762
 34122
489621
728064
666086
101556
397278
374846
306393
 91666
662996
449957
143490
 60931
874699
270392
571807
150901
593627
449848
617761
598883
 66945
504120
214424
442283
698931
849421
606423
862473
828944
 12537
896595
318566
740602
 79034
936474
654232
453880
759220
745898
633228
725529
889389
694159
600228
159781
782318
267481
269760
232166
885242
868644
815463
389362
 83068
774098
604645
448841
896874
467119
794138
909411
880066
629056
166365
959100
565530
820597
412980
324750
 82848
562560
 50279
972237
256720
166860
648370
555390
434341
918130
787557
319584
303126
119372
708946
902547
409823
313592
867740
306697
297063
661878
216108
177129
290934
898826
136230
372817
719423
 65562
213919
802271
628123
780551
290860
401195
947411
455582
956585
381752
890065
260494
701336
193191
896219
926635
 95738
306042
240227
479831
129091
 53642
141709
861551
230771
432644
760377
367001
321813
479801
948916
535732
798424
 93391
316283
 89285
494586
263694
544867
967523
645447
951284
744370
863135
144476
156941
789770
756566
979335
546349
236397
108426
599991
894459
969977
347115
843455
730355
230468
165268
210156
179384
701000
524932
272775
 17284
614217
283713
797330
675437
251237
442777
626721
511959
822265
287549
668900
128387
560468
164587
674737
796865
273013
791080
691324
242990
138195
534779
973345
368664
216399
699853
548048
917400
224786
337176
451036
355355
620889
248366
 30792
388478
207496
173866
416789
 29761
977767
602041
158148
538235
766628
349237
851453
 39641
140318
 59129
282632
794865
110261
255977
679881
326660
955831
744282
244060
180617
 81458
211448
535972
218699
459815
 83117
607178
667311
773335
 23967
697072
751102
142361
371572
805690
908989
720810
173495
948631
377480
232624
231263
688697
342885
  3592
368579
185898
959423
112861
946310
656392
194319
157759
708717
929370
617574
791834
536548
801237
 81521
 76868
498309
348975
219229
386233
671017
644570
623395
844512
593201
   875
 77137
340816
689573
936374
344409
574504
638624
820184
687365
584935
992929
398036
259046
701646
327406
876620
  9832
380307
677857
607705
973527
692518
956680
709108
595103
627698
353678
218499
472210
946880
735726
 65699
804048
941651
518426
664809
516155
673402
484994
203520
258337
477923
117908
517383
695921
445315
910355
222105
341974
104564
829810
315501
313434
786490
 24609
908538
930540
894639
643389
919103
357871
379115
501154
161920
320767
535932
826729
836922
209335
828075
556795
984024
822350
674703
 17760
518271
636370
928115
256728
978344
549032
 86538
810197
378818
389381
351158
287356
319921
245798
930745
755376
120021
826213
256531
281941
146980
792463
625023
500254
518150
453098
 57049
502175
791801
248105
519935
826424
884475
964402
 83153
379172
 29786
169691
705721
408605
 75424
573232
212313
395346
335382
143059
667074
455403
485624
439957
253697
148956
232421
878720
649210
266923
848170
222612
769098
156323
470717
805385
982748
871544
286140
 65901
767068
315926
751944
989142
240883
827369
562374
453197
739067
897756
112608
406141
869511
598232
846099
123208
747188
594872
518280
396398
861795
882803
619010
147246
 39126
606079
468983
 21874
477624
755123
604127
761044
587402
356072
750186
828285
699793
828912
281482
438860
243020
394090
845001
112532
992322
207452
752092
255862
802324
786725
652261
180472
185880
787623
844070
225006
910055
313053
763233
904031
584529
883712
665075
688283
239784
931614
516568
939577
760526
314403
894789
  3547
224845
739791
632431
733520
947243
384523
989382
265920
687600
157995
962744
873480
461971
806814
614839
372026
636219
378072
276057
220748
261784
457484
425383
 17921
389098
458304
473850
149625
772707
368640
669524
997552
624783
301955
247424
 88378
202830
236807
870650
890431
911154
833394
763911
373125
640208
378750
745151
276428
273174
537560
 13528
534959
995045
438912
 69232
900495
897216
 59434
 50120
186275
944426
235996
700179
569209
537951
947604
173940
740782
700763
 44590
631213
611917
877985
911476
985043
 34545
290227
246546
827325
563401
784107
840854
614712
779152
796118
200296
679647
209686
259731
246120
395961
204157
998468
612492
289719
536420
560096
463659
793554
260859
508249
941119
389129
902586
852595
374172
937132
142822
620718
764457
706224
404825
121663
837288
700329
917781
 37585
896329
643819
297316
658801
 39780
 17825
657269
168625
307544
710041
728721
771203
503595
505933
795805
444714
895062
698391
813662
785586
151875
956484
922656
916333
179060
327482
 37996
 16349
544163
472130
 53934
440492
115949
867602
615645
672082
885427
272915
840707
192972
982956
 85780
480527
  2904
108065
792684
963970
519479
  7428
777632
305065
159303
734117
227722
 75636
913177
 71556
629985
445878
615719
102115
499812
572564
734416
883766
704561
406498
769194
977476
763557
478518
476785
849338
475397
996041
957403
268082
960011
476883
275510
737644
298300
434813
988113
 42374
 26802
417642
113930
656787
863521
246002
275254
879685
334918
526022
763452
 39479
932521
 48998
533308
212430
527516
526445
 61768
  2913
522486
535524
787347
482497
528759
579209
220141
827059
 14023
208254
869434
557177
625897
499716
730316
  5770
745718
  5570
885455
596988
531592
165259
636468
980465
214257
686128
192896
741773
212573
771016
261039
735059
822892
564738
217556
351651
143948
954050
695063
674323
678656
 80849
231500
304553
580565
961816
826675
842636
483738
712131
439624
531682
877390
592444
 28500
608000
278572
737748
349773
491145
508764
127164
226204
331657
691903
960113
199660
352203
914163
894723
 26526
592819
975572
774378
413725
 72490
252546
240400
915126
736284
468883
354750
784318
862626
947195
329170
470626
225767
 66918
336751
233265
 92035
980268
459469
940044
188523
935934
139704
540726
850097
550780
567252
959269
526352
857982
889346
598842
110528
646098
 30320
363164
114982
385071
147482
493960
848618
993005
964586
590737
 59923
817689
824002
668310
797957
799824
608354
502832
735758
264411
 43558
102208
815191
127162
577829
857895
985144
467175
973090
 95672
113273
  3410
458836
744607
904833
122671
238567
269803
115676
719505
860541
175599
 53547
200895
360262
851504
   719
968616
870689
252830
749379
914247
871390
564570
 41410
449219
422466
 26554
916394
911908
638579
546019
915318
 97415
290627
336504
220086
 45546
606307
852114
281404
983200
544066
334951
700448
904328
702807
701167
872944
573496
470349
622324
487744
341739
703246
 45506
307310
642064
588412
740056
553972
226991
286076
985643
840759
 93055
838499
577197
654953
961158
429312
936357
460711
973378
271308
161159
877706
974116
378678
267002
547612
849028
405678
551708
707119
108925
597214
 14430
267341
185627
754486
337666
928970
556914
839661
769729
166321
678160
346927
821275
155670
292591
757632
616381
265969
545293
777540
660027
519409
156219
927029
583373
521599
332708
135082
228718
957985
248648
243148
741678
434275
513987
 79344
879598
587253
435357
649327
753575
629869
512606
574850
785540
321549
848834
401921
587518
394127
179462
247545
913536
852033
690927
 13262
373632
539987
148344
602350
 14324
396992
361851
272354
347620
392190
351699
743570
979443
303408
909249
733018
933278
421856
824220
718818
743405
673055
637091
847276
 67182
332905
611173
980719
184938
818452
510333
558570
874791
658677
677273
889115
572021
555476
161470
435993
464018
 29521
179563
443461
332929
 88813
692832
266207
 27021
517052
501377
286778
190107
138469
650406
257290
987726
777932
754361
172665
596384
264694
247587
471176
439723
441212
360291
528096
513040
 38113
964090
977058
583986
660005
420520
916916
748818
629704
699475
292191
146756
717205
578970
853216
855674
745728
626858
843400
523660
381219
532417
120045
162265
296357
591221
118340
737569
467864
646436
250610
 22330
126878
227668
606316
786884
164540
 39584
 52054
794244
739060
344246
457353
456265
439568
310569
828291
185296
453779
188043
708957
351350
236813
345354
513615
533170
452927
148307
787091
920791
794743
 37701
459473
437974
781722
 65790
224858
946262
105374
793264
256859
360786
653862
230564
333403
 93430
 57485
678046
795079
511264
382442
 20388
862614
619255
365742
892581
668777
818669
 40888
455868
255812
351983
  9922
715286
789957
791644
297428
531167
254258
919154
324432
 27469
279941
494646
774385
129696
588077
831870
807743
899508
859486
706537
919896
722100
842144
285638
131033
510921
104307
688273
483141
360119
556609
493063
591757
862918
801059
889185
394086
571670
808340
234870
115491
604633
729516
889877
734329
833945
721747
 58424
733453
581234
764961
169701
819686
607105
455339
467072
634378
 75998
155345
117520
952470
228306
126935
544227
 91225
927995
433413
  1663
 16017
758105
236533
131508
362738
482401
 21385
613419
832699
743133
671844
 82504
840719
953157
252206
176757
560263
223897
643829
194641
299896
315527
828513
252366
543833
955449
312945
635058
399796
746358
636721
415813
 20815
389606
547321
383553
388360
568707
996973
737411
828192
185169
819915
185263
138326
588473
362020
214941
812371
522202
409583
628619
837729
754448
397337
897914
709897
710282
532973
109693
456641
686046
 41858
993808
592005
589180
377362
980365
674239
890687
234128
502431
592208
 54043
687694
730534
158869
566066
945476
487592
 88268
871411
116211
442349
625859
513548
340264
335757
223830
389589
961802
196823
591987
  3661
190632
183992
109193
 84346
680709
783432
491385
914837
285863
 83593
968881
489909
330479
644102
572327
275955
131694
660596
663718
247905
619297
289578
277805
959561
141687
 17987
865502
619841
214811
457490
623502
921795
641482
732695
522493
322192
 32479
 13878
237029
318342
613823
722262
324603
944302
882716
896931
220258
 14410
 73879
883976
778667
209528
689906
 56472
685442
831593
 74460
550944
451435
805623
  8434
591289
243770
166269
840337
766263
  4813
872816
780141
758194
707511
910316
996809
548466
854618
879525
961749
 74876
893936
551980
475205
672603
761509
681463
245428
446951
 29409
319888
997895
480844
641863
522682
588485
885633
205303
945174
651896
210116
817991
948389
484662
 41854
858705
481471
590320
713323
360997
552070
304552
771285
104050
296109
960240
865559
977572
205668
828862
  6981
525556
343110
  4177
167419
382144
109015
 53052
587447
 54189
221300
313915
872180
169689
798577
914034
544746
796401
 20707
774422
673750
572777
 78974
445035
676827
891435
405275
 58739
385359
610944
887601
392341
652852
230711
912870
336624
612855
 21885
906028
716654
592427
127329
 30569
464607
813370
345499
894994
358117
141900
915701
648891
815650
  4830
727865
777037
198009
135652
182312
256748
521011
309608
660702
429704
478813
407765
858927
815437
 20621
397164
721465
253627
989591
365146
800549
970551
178517
146048
865545
 52986
804300
297598
701877
136302
302428
946094
913339
 16789
598098
612003
273538
119109
437964
450592
 65166
916777
858357
924093
732214
395330
321257
970031
648958
310849
335178
449507
281400
 30047
111907
663297
 83033
916207
477247
301262
568861
296027
247356
482200
312816
845454
610555
102706
480915
 48519
553298
546081
481648
928008
986526
730214
323338
824136
700246
488648
134985
551776
454507
932737
581823
566414
112386
181208
998973
589633
482470
567834
402012
246178
566386
714828
607984
176942
333887
605251
741813
403537
667685
739814
331545
654211
470028
171236
478347
170274
176236
129684
238402
630744
 62421
336577
713510
691159
517785
228836
797144
516607
313022
199156
279137
879409
430337
887121
572703
764224
492373
830868
684113
160058
570682
532011
330621
 40711
703247
808969
727337
395835
455005
482092
542931
 33779
818669
256442
724938
336455
  1630
522083
369414
314652
237591
648552
710413
667928
 52025
283116
948504
 60750
630337
632618
737160
201019
164629
 67782
758082
384228
393103
  1772
780063
848108
483864
322995
881887
302533
 95789
606826
155340
 97419
645261
524755
928423
882852
689659
638837
 67133
741684
921953
 15637
802435
 68642
164607
539595
269662
845588
123729
544096
229816
516832
545868
526232
881293
546084
365579
763180
364970
461368
886358
520310
 75139
531619
561417
  3562
930824
767428
642399
997957
509113
 80705
 13594
827900
149347
694554
883847
935361
540142
  7577
995810
769959
 40761
541678
296191
922054
604115
661770
685235
969085
639490
571593
489395
714629
619565
567165
234543
550389
334593
393295
548346
360058
474000
 78292
187958
139699
772846
588158
 75061
312989
595735
 70871
599300
152848
128901
411843
 74903
733016
589965
276490
702101
229455
364435
707849
460436
500352
791366
694979
 50741
125959
 88274
115439
486018
 78626
193732
190328
218326
482930
778486
809739
795919
890573
396962
395219
 43422
 42215
323414
634677
775232
913379
427519
993685
142834
308306
217886
119622
808659
  9252
330954
859400
651564
935580
974840
137582
 14207
684924
844262
748885
167854
622749
558624
480126
 29674
471938
391697
589448
514153
715112
224125
289385
628491
167996
799423
287678
476303
 17309
407300
284962
542914
738254
660714
194478
673835
151906
848412
204394
836830
692674
953279
521037
831775
 28255
517515
861450
500193
425564
450898
 14346
657028
191376
820084
801872
359372
135859
 89550
352027
669520
 13202
636989
212434
267809
297704
923264
941644
965962
771676
662390
802793
464351
615669
840182
296126
160276
874049
673928
660469
299613
641179
191167
956642
832555
527603
758514
708279
663462
364416
576659
332983
377618
213648
 61769
645427
 27704
985034
103423
993667
756710
282165
312812
221061
414186
669346
 33540
574462
543395
223820
751283
359360
864999
942451
832354
697554
470054
107220
922186
649869
471636
498845
982852
365607
228845
 44621
527386
772902
546007
147162
282921
302718
429327
112085
 40131
843514
781431
 73671
934328
841178
813844
685612
716890
678843
628063
549245
376398
614469
656465
814936
780690
644454
830133
763542
 10061
 58978
324516
 53799
831880
870523
200961
631153
689593
146641
743238
729725
506507
 41021
319748
440835
398551
133592
126447
115442
812436
270862
664687
705186
401684
837504
520122
182374
481958
350255
462269
  8371
925585
786785
578523
273818
173660
295836
904971
863254
442477
648210
109331
948984
205583
429079
906172
604135
562672
 32619
719577
891460
819834
900616
596646
221518
254472
633120
920244
252783
499727
382513
261154
425312
685650
356029
215482
859311
651866
120454
238917
610695
285016
348248
559680
490599
777327
982204
611086
856351
 14823
330663
747811
351009
747631
860809
572527
  2104
493929
492772
254887
510008
391637
 32393
451673
 77288
388423
667155
452951
556641
303961
691868
167336
105329
556468
243368
112281
850147
225572
723367
222851
240396
570383
970662
107757
318014
831472
680285
320118
841753
689409
 91357
351762
 81046
123751
803435
674686
 28526
986942
127637
585167
290904
335857
752503
396233
408677
995872
508514
258825
221444
748234
481676
978192
318617
968690
 85950
636631
316514
282587
473102
674620
488348
 80811
 26382
 85746
204562
346169
760433
749440
849463
888070
850959
656719
740280
119815
569305
148957
115687
594171
407782
853483
342405
405810
348028
661022
890853
950330
814006
207367
749269
803460
881987
237617
884271
424721
323363
605186
287242
600148
354626
136706
488219
205586
309777
744851
325401
879082
893808
957440
473254
817943
327275
815659
223753
191655
993034
114606
141985
807040
838326
407606
610500
236665
645223
494771
177739
484939
616309
464981
 85087
970936
118039
 89658
692874
427817
834509
 18275
823251
728318
492067
296505
 62613
335694
112165
286366
527350
621551
917325
669335
944943
272003
 76942
555443
508668
238517
566566
202759
239808
182876
667741
841248
670164
302132
930906
363038
246301
281768
897665
 69553
526438
906084
882410
589051
241778
510927
391769
769128
132478
825446
954816
 77421
 97449
548110
149216
122470
786627
232135
325229
542788
931363
509322
384036
601527
327807
831294
480917
 90460
113062
378582
160013
155852
801018
 42424
261255
 42796
553351
653025
811925
202182
478471
766741
279603
 92273
831203
945172
214743
617830
177307
 56324
676970
108670
 81999
 61006
226549
409806
892301
707466
500266
521715
602400
176632
193920
403418
735408
455175
962566
805111
624552
774491
  7293
619376
 57584
803249
711649
888787
748421
442744
 22970
925728
 15420
699940
550750
 97419
277299
777299
 23577
685952
  1117
 40196
724019
119869
216828
434291
523287
952236
889467
  2205
273699
 30371
776697
280993
649747
350633
600594
877748
755773
349015
320492
295095
791095
852265
511387
858197
949684
788686
635496
973262
990990
152965
 13458
715010
272834
746638
149301
312473
215226
555120
314678
488925
585492
607727
286270
751591
474713
403216
629340
230486
268583
466184
525581
 59678
318449
 36968
917875
784486
342007
 69723
274100
332997
739040
803910
564359
 11874
 66900
230013
840699
282126
785133
155378
287403
886977
763105
 90026
154921
237818
493242
300613
984656
761826
766797
 26589
337856
601599
579910
772084
902437
921917
358159
176537
771266
 97200
496799
851978
109074
563699
 81991
949774
845825
383476
621504
649580
786806
900961
739606
941727
655132
749201
758692
639788
511027
 41841
182730
365235
643440
762640
137319
545877
200909
495479
238766
488527
592679
735565
340505
218105
815616
938848
684231
661441
322325
305735
827374
625483
723049
566980
 83562
378181
316181
842254
534321
343560
884095
717051
708796
 43888
479691
846115
106117
196952
857946
861236
685480
450625
596801
542337
185083
928770
481186
869314
590211
803511
691402
933937
945346
414451
500918
 28908
308984
333451
387514
843305
193364
271609
 76709
902160
831849
 72752
264627
937967
269705
122574
799203
471537
573199
912356
 13874
274634
841126
495060
143949
947690
814923
351703
881627
760269
282506
898897
305529
591490
232349
693043
951147
425713
964653
 27856
844225
312854
616961
108852
250821
886666
231426
 50024
358203
320978
478733
888429
595612
319859
383490
255913
783901
714765
607616
665529
475035
406474
 80778
296916
514316
313127
989960
465464
255192
470965
  9672
615769
783819
142985
724622
 34641
 29651
472400
601017
904206
309730
596102
792636
421695
432314
692478
677608
216215
407243
801577
398096
398630
208051
478875
695547
238720
308354
685507
704184
 79899
672824
230208
695668
456643
373194
420290
  7636
919197
409043
125006
339756
718773
721108
648744
140468
153422
857574
334429
369638
264817
136006
284086
179800
860409
762961
875347
 99129
587668
 77206
319665
667567
266382
 66226
363235
723025
955772
299878
730662
391321
225273
855668
731077
944046
 93128
896173
 84515
246551
753747
935296
132541
534917
 71302
416627
714717
448063
695941
106416
 63545
799961
699974
383210
467528
966356
965788
347115
205733
921560
163345
452747
829234
388618
308415
560311
332665
401544
972837
933532
164447
726584
868828
296988
261501
456482
229967
492570
420897
442260
115338
484442
242221
815312
384005
226101
298020
349793
573217
503754
787706
252914
956501
616940
641533
781269
693603
490550
699165
666440
940434
863612
393025
325614
676952
170878
782096
423271
179801
202993
865532
295139
203788
107753
626804
587793
333855
924824
937586
423424
944930
241644
676338
417784
858584
317871
199053
 68540
324773
414570
734980
265207
794534
644357
107173
471486
331588
889269
894757
511389
608615
276641
806528
328755
384395
949684
916548
234602
390861
370486
658026
335791
612131
334364
269927
987067
168588
468980
 55607
  9713
399902
306940
791273
194436
951297
898446
182274
282885
304068
 77032
310626
429035
353673
633507
757790
254420
583191
674338
489022
974052
 44824
147048
826196
173307
997765
 96123
676727
682705
 81456
732334
692418
481358
555626
    43
192147
506924
898490
374421
306161
202558
451453
616788
631593
321479
250295
389383
 92251
833486
580073
581274
323891
141249
244674
666439
314557
758791
762562
991284
441496
360370
239970
650267
358081
795597
650310
550228
818873
 65152
924649
125034
267710
892455
258174
415655
730286
508469
321390
822537
858308
901463
920163
698551
 42713
164838
364990
873622
439981
643904
864906
397830
520627
621228
564449
878708
416825
731111
945288
235698
796264
869937
877085
580326
278744
135259
995982
525382
160081
833724
864272
 18389
735188
784435
716940
294253
465625
598282
167875
905607
242186
549133
819789
762813
170361
384238
157873
587187
115349
103161
339237
911613
489451
216322
  8292
284547
867934
  4274
809930
 28015
837998
674202
 46404
 89538
974989
279696
383791
440615
877978
 68018
862574
636516
617151
682363
915682
787513
582953
589907
374700
698302
693069
230289
126268
698872
962964
134560
983419
830898
655186
309701
858913
  9536
983903
421669
 99075
475245
701365
999218
432212
 95695
 67237
294786
248563
684388
493501
164245
988253
 76454
754153
879305
291108
963574
109595
417376
662446
 72559
 68288
162217
903457
723474
471919
278722
733011
972174
700391
348438
447419
401756
864008
879631
 13803
447597
690769
262366
648338
700622
942964
636591
293428
213469
515897
584537
693395
141844
518265
355841
214403
586554
 34410
634212
826380
506329
912934
559391
478504
129677
424181
925923
531433
288190
321907
 61588
252139
529028
323954
900477
229651
783270
537069
523079
513091
569318
623968
206486
711162
142234
 78679
441917
245140
113090
592481
 71520
619419
505415
630912
 97923
635092
571445
540199
682877
375987
378458
744465
628127
907486
584771
528604
137137
884394
582025
176569
397485
151343
800537
603972
862505
459123
682651
820774
704263
795741
413255
775784
931513
435022
923048
545788
586466
494493
602339
269343
386833
980797
530160
 14960
888284
631284
 59916
541773
515678
641942
234694
429515
793285
 35232
 33487
172143
 10707
232491
992917
714971
 28232
406173
490755
476097
841195
413803
 21886
427662
424648
624225
213357
811481
605023
743518
342793
  9659
891154
402710
 67784
923184
 44652
302479
352699
837937
854063
386187
 10080
864770
135030
  2998
 96093
163262
409171
586848
639360
766718
517003
177598
194380
458004
801823
407738
785837
923198
667608
128631
932857
558762
531341
516994
481946
575993
335825
350997
930282
189888
253536
456715
571010
388566
976065
667104
 68181
901588
770304
223893
668306
803660
401491
862687
261664
203314
786777
 47501
126513
454385
692484
575722
529499
223825
609068
527797
316170
944893
878794
762805
651133
132331
219520
222144
 37249
195585
405600
105430
 97173
175904
329323
281831
979564
730814
144518
757580
450481
931295
321434
 93346
902032
 13918
185420
431531
754096
794489
959328
 70266
739382
354475
349423
390516
  3158
568943
612660
 40407
280880
534612
662190
894405
226868
991513
176237
722785
238680
837107
480365
205513
284755
801799
298859
186787
332070
484279
134671
 86166
795120
610351
672784
534503
964826
 22208
925019
484336
107503
 54031
 41096
904736
104995
703286
799141
331863
694799
491730
 54648
449831
328838
535014
171696
129945
853165
470555
833084
185235
471187
967755
787753
266307
 94459
460538
317162
575637
482746
758533
 59974
106601
812564
101070
 11337
917559
804356
326831
765775
 15507
818561
820423
981691
663751
355437
153387
793696
724955
140295
143133
426542
611482
110888
214296
394141
721699
191186
227656
297337
673932
986189
873663
296885
315106
974733
308223
749017
295441
635054
514792
827300
453615
335216
808991
633719
207005
478731
943767
931960
619026
 86900
874855
746860
714141
 89151
657353
435840
280337
885009
249529
470621
871199
123192
767506
186305
614277
592081
935322
909718
227135
966467
737019
197103
301683
 62362
830822
508688
541093
774589
957001
676471
377842
348208
423331
 91983
437359
 80685
 44175
234048
965694
293705
221021
353245
416897
504879
 55902
 31175
 96961
507577
457245
840448
474044
710616
 37551
775727
772979
384725
800767
830424
675667
274120
506896
 53509
622328
446579
661844
576039
 43616
706019
326439
525663
999724
547460
878908
416622
568692
934811
447797
665653
442388
905042
506101
432784
615659
 60005
724863
904990
961082
525630
251766
636749
316103
758662
690258
454783
721594
868454
547175
765210
574474
873614
290873
574198
937427
169782
990820
506119
620945
954969
688124
579685
376364
710577
 12469
508375
770582
737332
413365
731665
779314
181483
884766
611769
940146
 91377
582905
178092
959831
130080
943302
534305
  3694
234176
108504
941121
920310
615676
963592
 57607
570646
651716
153644
463362
362294
166113
971737
649228
419797
901454
897245
715463
 82937
782012
843585
539435
873389
426490
717527
833220
556570
177182
367526
 76616
411358
992382
534090
848020
608058
497682
421979
178704
665751
575623
158418
 28045
258088
130155
193625
194237
 31609
 90871
909700
114547
389235
269637
170334
262624
696127
887862
612196
769049
 65044
496074
845666
992754
488456
379756
357126
 96515
877438
779105
791571
543189
354728
949990
 87586
129168
596497
797564
323405
628107
404787
233105
259006
794022
 19095
429340
572998
715222
317202
185194
484272
898598
681269
846290
407704
169725
226046
764830
782592
619836
543935
574164
679378
415015
 40506
766964
544183
637003
 80880
867588
781462
485667
617046
 40468
279689
636141
986161
852687
867715
819715
 37882
868339
718314
235503
714629
126018
921580
457027
890849
704173
 76864
951136
794689
756242
882504
835195
 39558
426687
988550
120439
810628
770013
606106
944026
326833
402148
580167
312994
254835
964234
132710
809069
832574
367376
 44572
 63555
493394
966153
520583
900595
186678
597447
368084
981367
353689
250588
332914
393247
193627
837816
 30038
520607
607829
636145
464633
451015
 38293
561152
764009
809480
525387
413071
618550
874313
780447
179474
937868
790194
661979
458451
207141
848657
 55898
 91577
346376
925939
342165
195642
835539
 52145
 33459
865577
 89104
157640
 18074
553738
125007
572719
114890
889017
382200
156629
818440
517102
 30942
598888
696576
968811
905434
874908
943614
112575
239917
999513
720505
586294
925452
579022
298288
277343
631167
331747
142921
720272
  5740
160995
790362
130747
733715
421604
536116
632267
578234
354557
149369
125528
469797
362297
610691
891583
237205
554306
520510
477123
 70171
241015
579769
995623
820038
878057
272967
967557
726157
932240
687829
248249
609587
994543
378996
343302
416148
431465
491921
510734
302374
641290
152614
772171
519940
763306
180106
273497
317612
700616
750620
904135
941632
846741
899758
761670
241151
689077
729227
967308
137669
933409
215557
747257
444304
110905
606911
860452
 58722
 98833
887538
361096
256475
 40153
649619
292767
319811
829725
566265
153775
530342
833237
 57910
471974
679979
474020
749996
437482
679450
995575
404790
817119
928984
136699
564376
889641
763956
687640
750093
822679
302825
153984
183775
 75652
194137
833395
368420
513948
663120
934685
667723
709814
284274
725633
181788
480605
199653
448136
918087
879103
443712
839229
212575
889048
975928
293303
778689
739885
980943
 45135
 78916
800120
199119
262691
875773
909608
612438
244193
939908
791911
695230
123983
501725
495856
365968
199866
976462
 81973
648002
894549
477429
608066
733779
690004
 13467
226059
983307
308508
482296
480603
353643
561212
280723
 69114
823904
672848
495074
436342
433393
434982
744605
128623
 75317
246331
624480
441285
446197
117294
523259
 94199
528195
   688
218618
261974
690692
232085
  4386
190351
 56945
486682
187306
926941
 47895
984382
512407
388151
657230
  7482
340845
 90624
958816
 85451
735599
 34134
331782
876431
991771
777979
993725
515030
388530
521921
 32070
607148
300247
239114
355585
304633
429466
928883
791316
133124
855824
839211
117506
368231
227362
774737
375713
568207
865361
850882
653658
600960
401368
985440
477392
393139
279771
987469
908170
668302
509390
456592
791802
325990
695707
663740
630623
641525
592623
938291
774649
964799
777502
892156
333030
521216
183245
225096
605776
564958
 75978
775786
682270
477346
277579
159662
386837
557350
663484
811359
742004
689226
267952
 50159
 15216
963659
230251
162192
605184
822874
100483
379833
304025
394338
788341
637055
915554
971586
862151
 37682
536544
454481
813469
218815
448179
 91048
894829
835017
648398
558313
646376
906755
763892
914328
956914
779108
877987
187165
941300
999523
526391
558136
379357
830416
952474
684050
983823
868028
655637
845975
905711
708533
816808
719180
927348
264988
326580
338530
616357
974978
413195
779085
398085
177087
209766
354999
472548
604105
 58516
930200
603629
101259
488336
499338
931675
440810
183388
915499
308839
839025
277826
730902
547559
610986
966434
991259
392326
293014
846141
  8683
784344
259337
787769
182430
436424
513887
 53781
425324
117992
628650
355525
721621
729909
843861
220959
661585
284672
404348
 93436
109863
759725
887614
840765
823636
498600
323551
331248
890927
616565
177389
899610
917261
436726
203731
 99691
389503
717618
669825
814827
351963
298475
170352
 73584
 28384
530566
294544
206321
815238
215244
816109
925101
974969
703723
282218
798606
202324
605769
129854
609603
222334
307243
 25565
139595
260322
745649
755639
649825
979619
941816
981004
331582
240291
667709
405167
785027
198275
216063
507701
529865
431307
323810
454966
406276
 27534
737184
721234
746210
342953
367440
355813
 81639
674684
381378
737586
451358
127027
493225
617535
622999
435041
114891
954581
191684
782600
359748
976712
497227
575811
484413
 27092
  7118
324575
998410
929747
868461
735594
650981
614671
594899
534774
486836
192890
725810
384567
930477
177168
 27946
940054
794703
650945
375096
909594
605527
 83132
208547
481627
576196
705774
 57439
576961
249219
580909
901537
247629
 27008
769998
499576
194342
901022
 94475
729116
387858
287366
454926
288777
734195
632094
316724
674249
943149
967669
 49345
369095
 89548
648830
577642
571176
225026
799769
628615
801988
 48988
725876
219877
812969
752885
989875
312545
947227
890897
923373
676343
795108
210739
131269
 83885
944934
279715
400609
619183
222864
884631
184881
108311
974179
350063
685954
545355
575089
  2075
690322
893429
567415
416199
113306
380384
169084
619534
692930
632663
510431
616303
309006
821891
343394
956627
905777
804680
752694
822738
940215
491910
223721
641448
600221
197901
991511
802527
743256
 82953
804602
949931
976382
888369
366130
 89689
268754
 51566
225575
478036
684229
252358
 94339
509587
 74250
954085
982566
496379
758765
735260
835469
698980
227170
 59191
340429
343743
257092
848292
146271
516700
931245
467225
466631
907628
871947
349113
513669
140701
400679
739244
618737
601260
991602
229428
110847
582204
183513
609765
 78583
942278
345025
914053
157610
 88547
973244
 14391
948643
746688
862684
611266
779740
793929
 78491
246372
217909
950438
111837
731578
607491
 28869
987174
742580
630129
978777
972008
257329
560981
155521
867094
155917
614151
728472
 69970
288114
817019
559566
302505
765662
306254
165189
376928
602346
475471
971772
365070
693380
438562
476908
941311
562406
505777
928485
304986
652258
423614
276995
909587
500948
948868
293034
656865
 79372
 21506
243187
367486
354877
319105
669991
120540
141711
351533
 13820
744057
827004
501944
109128
 36736
456859
586036
978047
 19265
608165
906533
324251
260423
330147
117598
686363
347447
582819
495749
  4312
662191
517255
763851
 29677
872132
 82956
216020
509024
224667
 83905
 39197
485077
427261
541141
594205
463998
998000
696593
442045
 17265
304758
864930
857869
 81533
711430
975467
284248
 58877
558286
779997
579542
736829
813604
859745
282858
685737
942702
498879
711113
683721
582784
750310
168798
526398
807804
763003
990396
322156
975948
948793
855774
280706
813724
713643
878592
 41506
205462
679192
100383
280101
459190
196277
 16930
272794
 56023
299789
474883
515077
315020
185997
198798
414156
452659
883949
940554
776815
163304
930950
 98972
139253
879744
954746
936311
209820
668389
814903
251326
390203
 10448
868061
670304
469638
 64339
203587
258784
636714
503376
250020
151791
818396
952369
350589
232552
405028
234538
173107
181844
397843
620409
797168
 53448
 16505
751914
989759
742677
936655
321015
994003
326858
331463
378417
513515
317453
442756
717102
576237
 79470
220478
342609
231261
555226
294978
 98202
304130
700007
849093
993589
398203
763288
613999
711723
816736
146856
463637
806495
889534
916644
643862
883537
759854
975325
261954
273369
809130
221062
990471
901720
816884
727301
244329
564497
798879
539308
662700
103010
755667
 28145
612951
670222
791433
226950
381945
608169
373807
845582
931016
263341
278578
574879
663230
 38432
 66556
441537
311802
875687
178951
818625
777407
995836
 62279
538088
 76685
861158
 77396
255737
480520
833063
283882
 93472
503285
 75315
836774
885230
199836
726933
247164
130853
506626
525742
705732
169857
564175
288640
127746
392329
164327
306697
210954
458086
818885
789585
996175
895571
167096
 73571
667660
163968
422987
951543
257440
442624
543210
610567
327855
743047
337500
 91371
390252
844127
133466
612336
530336
697641
900976
658082
606322
581656
964779
817276
 39742
300017
123214
552269
711940
290310
142193
379600
454278
565180
847495
228071
  7804
390706
838638
852011
650105
692490
459735
 40357
 52969
593201
169045
583305
807194
 70021
241387
413516
651677
722519
230792
207772
 22536
870358
760041
250828
160668
902234
630428
131299
983766
477924
359370
507923
384982
714360
359934
 35087
923202
336021
591796
976172
929222
760841
559477
736416
347214
317217
149932
998892
556088
897077
206664
 94976
767435
483057
345804
444456
901644
976232
575755
885410
970508
451477
393333
355490
165837
269620
906929
 89039
605641
498725
 65211
 51216
775918
141041
787632
123133
974610
453917
122025
530698
350994
845041
625674
634781
844450
971478
 79237
746094
464062
654992
631505
434571
106469
 24838
306413
788658
294458
213343
394050
416452
712068
975613
467668
487987
116654
771652
611120
607616
225569
249497
138314
 92915
610890
763988
727697
455340
251818
806934
201435
232233
978279
349292
183156
601100
890482
489569
389759
701293
702912
300161
117745
931333
275774
585413
419320
908781
873417
546792
516397
 98987
312641
654712
191902
439883
935052
919599
895223
703223
242886
613010
935456
221165
962302
634964
338617
852785
124533
244728
 70430
827446
544889
188175
758779
820664
289940
694451
245797
163357
757595
762194
778696
586588
933258
970599
 26471
868311
406550
921694
 87886
649436
 51057
539694
386953
529711
174658
241923
898848
299191
486651
969278
642989
 31541
157453
918120
368557
963745
128923
614354
127103
886518
892900
422151
989458
826159
392750
 15929
210822
799301
453976
298708
965089
505033
354754
868395
551096
529412
110318
449945
344955
596969
935575
504297
144862
609381
422417
 29771
573126
 67693
644125
216581
470563
537026
638733
460022
363185
547835
475951
 90359
863488
446279
389067
828578
467664
260173
213325
 18761
305937
323643
985058
650892
436964
920633
671541
 98179
 46366
610311
127950
619493
678004
288428
352426
148567
825454
991159
608589
704991
538995
600893
795350
402483
563524
700769
747413
 31189
960942
960738
566302
266879
800733
 67712
434123
754050
988345
105665
852229
551064
232328
496531
170557
910332
784959
522983
 58899
610413
 30495
183841
831756
 85842
301086
143458
488325
864610
844227
752091
412151
321521
229181
494805
104752
 29915
562517
538876
300317
 67215
160893
152546
618279
393221
649077
788836
819905
950389
828171
395156
560802
858666
578997
908911
460860
396435
 52369
949186
777398
412949
217629
705901
250822
446810
200707
355575
993077
763224
410803
809746
830439
 88048
962292
448718
997621
127722
753906
817526
 78111
582078
212682
155265
957096
308032
580528
417957
220819
149250
883495
514569
 78551
617476
220471
329373
 64286
421178
201300
573716
184402
128455
383462
531194
732855
862107
979912
730476
506181
250171
 64354
100644
832249
793389
772261
305697
617773
352790
240006
838592
 18392
123501
869514
 96943
740977
 89985
942668
321616
511163
143969
411684
211917
788776
311498
259463
521632
173605
239376
252108
196138
  5899
832815
296782
838148
142556
585396
660197
760329
454538
900204
115273
472930
 23705
984787
 86225
281035
 74772
 28893
119003
102287
689214
530687
830557
477991
842185
 90020
999623
532143
845748
768083
728281
851647
117250
541416
206147
259806
126812
866345
 20135
 97702
282901
651761
570632
822958
636548
656857
103993
227673
202102
222996
846312
891317
270035
193221
885660
112221
799594
885283
160716
161694
169718
888997
529694
286969
946765
735841
 63127
589929
118538
 83263
687631
401439
251376
774615
224398
887924
431472
844743
631949
149927
584092
994614
 41244
854127
187835
926904
482700
503781
328539
643416
665476
498257
 48766
195170
301578
995531
447363
364706
101813
 82254
964321
789444
483693
215697
564060
224443
619973
511884
585539
768275
661811
169631
762889
219407
 23758
467076
146311
 22811
970858
474850
666227
152686
489460
714993
347856
307390
226877
311571
188448
845042
393825
669121
634486
393871
401170
714898
134666
537496
743135
720205
305771
404946
406188
585012
624354
429947
568440
287017
452758
539298
278220
635337
208336
284032
866683
 72544
107774
 93560
384116
296223
938602
777941
481696
 89440
171812
882867
320691
306479
420363
 63826
543036
242486
985124
949225
343850
125830
895524
912290
929200
864634
967941
207420
499971
176277
  7804
883006
248822
115578
492918
632938
411801
947872
927231
893498
 37313
615396
292717
874356
438227
229432
454534
981263
471918
439658
446840
332120
 81841
342364
244410
 11041
723350
212351
734813
739674
904981
742617
622680
153803
858195
115599
303093
786349
 63471
230324
196199
617136
362072
488916
  7844
800299
718348
462378
297915
706618
902037
744755
 38738
500230
603472
283148
511271
326822
 11852
762436
582848
916833
505053
205529
 70636
363248
837480
890081
149597
417303
636757
862148
 34440
998830
351064
 42284
799129
585764
504663
 97044
292382
923052
841800
847472
939634
961624
130621
450905
288446
658825
729693
871295
575658
234746
593176
162646
114346
947008
569079
780296
364311
205836
642444
398751
204666
993509
957388
  3796
579273
978403
617192
388008
901455
975344
235480
357441
936968
882453
808346
741767
541278
538039
129414
633288
289137
238942
312286
403483
185950
881365
183779
550261
 87202
826224
949013
291868
336085
422753
812016
915358
401156
945561
819718
302611
920905
 55199
660052
374226
454004
984750
115993
995283
 39141
761759
144923
844630
   701
457210
248113
186651
338575
948245
736912
942129
774469
202277
750350
110554
625030
 78718
542264
 26186
 24279
878335
845149
461537
933534
 21553
835763
387538
522655
468108
899173
 78148
229867
560449
922778
230568
534011
687244
417219
388938
635489
670483
331068
409958
872761
 81418
 36864
497791
160136
 95480
 40330
700768
973815
885479
162305
423701
907033
998068
327592
946040
982528
743117
 24189
212395
303566
946967
959315
837577
634211
892886
226516
786052
563369
 73936
712362
952482
671706
265578
450274
831842
361059
  6956
532610
851226
892435
211267
791280
315820
725687
118872
778213
708215
861989
802402
436962
681908
265721
396277
 35837
416285
289163
778705
202337
368885
852641
914700
321367
524347
180278
287993
872542
 57689
294949
921504
908916
703737
649124
700196
 19557
374811
335420
797770
599379
713761
116524
 36341
395669
382246
432619
947859
314883
238134
726564
517220
607019
 95558
948272
928387
136257
644903
216380
525151
702592
511330
446656
127860
215067
 95780
344408
750976
986943
679828
 65099
586322
909942
181623
622664
821963
 80221
571635
769822
395104
809769
 12739
428677
933141
108297
376949
861528
760906
 21852
594260
286058
240797
621942
249066
368657
353361
861198
229418
620690
848141
425598
685789
950816
335540
383764
573480
157504
463986
661467
443678
375442
471236
456417
804119
404377
 81066
697421
782257
841973
719273
892870
644383
960070
514812
893449
845080
384526
270999
 74498
  5216
119140
 16448
207357
586308
351989
591121
159788
 25845
571459
821255
469523
463254
808844
925941
267373
729573
523359
481146
 28183
881684
200420
921053
526067
676842
952217
935868
 38274
336743
206867
629124
341959
842360
645573
 65668
428668
997562
173142
104809
 23407
744601
442416
  9282
724207
251260
451575
507933
980834
974935
989079
  9017
856619
705851
446422
899039
382694
398639
834907
937320
735383
558127
566445
593694
400487
728370
175715
345507
725932
348857
450316
265691
609810
892733
791325
334018
143993
242901
841951
641179
217836
347382
166548
590807
 53234
129322
489846
952280
527962
324754
889600
779697
882881
972397
889743
799720
700767
 65458
145227
943051
930667
595544
725094
540478
  4629
516420
390848
664974
759321
749151
822506
977157
 96533
989054
567964
666119
118377
574163
618399
162691
898917
 24352
942388
298150
996749
348483
614222
213869
930294
759449
156920
860961
871345
882015
917791
392326
398435
308639
 57301
157756
 57790
879807
651265
670676
385213
735581
336795
 19942
309744
471547
182633
725013
495899
641373
539515
  9000
506209
153737
222869
436503
429539
379790
297464
817236
778157
731608
209563
176592
 40247
783216
850700
614390
663023
 18317
801418
 48236
270250
138213
584531
579995
609760
767164
821360
622011
924890
877228
631012
431099
547317
853881
867602
976856
750023
681418
310445
528180
413026
 36360
221124
453274
819576
588176
584016
482599
606493
385434
 47187
876744
 39999
631718
973091
166112
915235
310803
788123
840125
188031
935487
271224
735349
789369
138826
228557
 55744
820244
 55354
100277
749623
 91714
837753
719249
911290
425930
303265
910241
548775
688699
473781
425519
728698
621851
914962
411162
537086
225766
199286
377211
930149
134773
164787
181850
440494
303613
926760
 12591
640210
982114
112868
389833
590181
950621
109082
 17823
892903
928699
928065
441679
133750
918198
383550
862448
540049
298513
789963
 77136
 40631
989249
970699
487132
640374
135487
668983
 80869
955452
112095
609812
595662
610561
239032
501847
200742
706005
127281
218566
598909
 55980
662983
556940
189730
581181
940490
568531
121230
755355
358494
714718
312338
864095
685418
799471
504469
337257
984806
101690
292709
 96901
711502
404724
707462
466886
906571
424557
172892
550205
643123
771801
122537
822458
328741
312268
403639
785583
397151
 41221
 57291
271997
755940
369629
136092
957710
685452
156913
294967
670258
258604
587676
283511
486458
992400
507326
953345
415324
931883
126237
481881
 91358
414390
604418
913816
259483
916686
317455
 45066
830189
358676
618709
102186
630968
988339
238278
588678
190143
911544
883645
376754
170148
987674
660265
172958
496426
683943
642655
428102
615826
285244
909983
707184
699634
514402
621000
959117
431088
938455
520536
777630
813484
139245
879816
444452
643936
634447
549483
350432
545991
433128
727186
232491
937154
903803
921801
433581
587747
564457
861683
203573
849701
771667
427110
 65688
286069
 48110
541157
233509
502918
578045
527491
832754
717291
407308
793558
877579
558107
343041
744363
620450
292522
471549
369293
229676
891705
291094
179609
479452
371903
 41293
199377
221605
329312
626487
803645
131733
674598
344802
881594
693868
922848
409086
526622
156491
332746
320180
550422
407205
663222
294786
 27655
472096
766335
396948
701772
658040
204394
881382
653844
576298
439027
853222
314255
284691
479709
117900
416424
670659
462702
814370
880879
901902
739808
407501
 58393
 72554
244034
608816
996111
423608
903602
540118
895704
186289
937066
113828
360682
657813
995210
 14526
234111
950589
384100
548366
235280
863810
666266
168056
 50821
645320
982427
931701
547223
722235
855554
121968
311142
615940
247136
307253
555900
150738
847372
451604
853380
300790
565433
214062
958603
 76995
744940
709066
 27585
129041
257432
779217
509203
440050
947274
560024
601723
929701
  8077
665298
168288
379984
787266
995782
995924
 34403
819388
551825
701493
183112
519781
 71225
483902
601566
285287
958858
678562
546580
184276
222499
675621
958061
518068
701176
398111
465342
261200
516186
911395
785630
181484
596036
165614
485103
591818
677890
 35858
411206
746067
737351
594318
265849
808577
594573
383767
610216
 69783
 62329
673148
254059
801180
865121
212120
319249
566297
126584
300943
343850
642770
212339
129480
340607
324727
811446
342062
916545
  5688
377920
844104
751756
631623
438422
533957
956552
549347
917724
 83121
619130
496406
756269
389542
813938
621391
601662
133187
704040
244598
950483
 47890
403721
679174
693722
260680
  3901
 21520
602742
920446
 27209
980662
280902
295317
128637
719325
829274
 85190
785024
746998
168311
404155
243404
440932
310049
 57343
578675
428063
706882
282716
672662
173717
846958
 76383
852891
540681
853415
856792
562201
456157
293591
105762
953171
574493
401079
 81808
810170
230353
683350
595195
493704
368013
515702
253460
808946
825751
310803
387621
770166
534038
670337
442828
707755
517296
 35563
 76999
574329
888978
450143
652882
861487
743734
758645
814658
834580
676076
412819
161102
906430
612521
756297
916486
980535
788351
169946
789481
130454
997102
693454
900621
531140
880144
859801
755247
913792
895365
832246
488121
300695
282390
141003
678535
542476
416000
  9545
893408
 92077
422364
 54511
514859
551238
327160
431345
531773
631864
117643
321254
762318
114745
 14708
179291
162237
894852
 39093
433837
324996
450810
266083
813117
267857
 64825
470473
946392
123654
402825
955938
 17062
494902
894654
587925
526113
445892
915086
473810
977665
546950
591454
815271
825620
706199
346332
  4912
384789
757536
560357
818626
 82533
 11167
601061
412002
795376
182239
882475
258121
305893
285301
214059
839307
296555
625065
427233
339021
587310
858671
812831
 81327
921973
920637
412951
747593
626837
759283
268857
527978
 33171
829214
346604
115704
356733
947665
527707
152110
129904
926534
410231
952149
728187
140642
791457
541095
282059
735042
880116
869369
110065
209299
467049
 32038
129937
880000
779631
273126
639283
564841
801104
188806
394055
664060
304511
267141
611725
348570
935603
257982
275104
345834
210131
519644
  2828
517940
 60739
801239
252982
457207
186961
879399
182858
654010
911437
829147
534010
207421
618625
689645
772262
936081
878451
682669
600141
699314
949810
728219
 47884
885413
986201
839341
747599
196332
875337
266779
714273
452428
 68019
483607
909635
254980
363007
608845
908990
790796
954345
959352
514569
572970
648997
286831
 25404
 43800
485853
625545
743115
435663
353764
307351
837429
856317
146692
101380
 52650
 22029
368160
766923
474457
436179
766882
900444
207511
129889
 25642
632853
437038
979987
592205
951607
 69309
757554
754791
 94713
801354
240644
236611
 60821
192659
106727
368173
 30088
963045
514865
131469
532047
 53247
 15981
815322
 44056
968512
582204
460853
176023
228446
486495
808876
665484
982834
917433
617091
 52143
674987
371882
663209
992693
128878
416172
 53515
321538
522899
938040
867978
  2296
969257
515799
534343
 22504
531780
349665
582913
 16644
448222
 43766
709019
676668
530261
517895
858504
513095
951680
475595
 81590
143019
363830
744799
652065
  9060
160971
705580
330598
200223
159972
714929
202519
129229
747080
253215
151734
795213
119232
250999
811857
567454
294765
520877
760474
341378
555124
618978
854473
 23157
610926
452415
166176
491108
713567
818241
500168
874538
 40173
347119
591113
200145
 62048
309985
329375
325480
563200
997461
120693
198784
248460
932551
766239
 59577
969780
526713
400955
524904
662044
771780
548061
272970
224195
230590
764078
937762
 48831
264246
328653
605357
611365
436118
321854
189765
746103
167581
515246
825655
165042
152291
 24440
929854
601194
307031
989431
570974
350096
906738
 95879
 12140
678518
160292
285110
419066
390882
 49188
873180
956066
829787
718185
 77775
957504
154304
399629
663622
416759
567211
695220
758767
248605
847511
783207
178460
448706
 90238
684243
 19680
440334
107334
631911
452475
302204
308556
253937
237622
215790
819478
110803
171856
649265
345340
249631
606769
 15996
649261
270391
949108
732824
965611
707875
981429
329475
491082
676241
778181
 97672
360485
314213
 54358
984171
462477
 23185
286375
771033
277123
523998
986823
 96601
151153
675032
745866
496493
924663
868987
 28842
 90276
655731
977950
823100
137694
685825
320882
467169
176907
997123
761702
790931
873960
 75916
845289
858131
 54745
868475
144507
825778
661950
668505
328953
274903
819658
  3985
537121
832503
445001
406108
861345
535277
578191
839295
874730
715886
525120
711964
699407
218379
709087
461110
  9310
583048
 53378
370952
441179
108123
755779
102038
450253
934081
286895
779206
208984
106553
783192
746105
455409
228193
668565
316754
279822
246757
156050
670904
962643
197522
382868
662050
932254
 91956
639512
457916
191356
692890
828868
148887
317365
100999
250926
767618
 35080
537821
546825
244064
160727
846369
506521
616136
 74562
175087
449242
870736
938196
121644
541641
417191
319167
924509
595593
251421
532817
235106
225689
240525
444348
 54558
389413
761714
671909
156691
529332
706990
694512
592509
467406
371591
438878
973928
504079
 29792
665367
953322
900529
119915
 74966
958522
537106
394133
883031
132699
161906
932201
884157
903948
172726
328506
958506
 78491
606572
630415
235182
652256
853757
446047
244766
321164
817638
199996
811444
321718
746141
993163
275040
646670
113078
350006
605192
650184
260492
  4575
299235
938750
453128
183393
842698
142207
 28251
317556
220698
634823
464324
455881
287079
318081
901928
 48197
155597
719566
764546
967041
557636
510687
960204
349028
673709
589634
215387
795253
239818
992231
316180
539054
930981
769309
238799
290032
911516
267050
123940
132214
418225
588264
104447
221656
422698
  6375
269854
 94647
242294
550752
 61689
316282
 61439
538245
665311
735148
127880
880698
530401
884050
872929
846581
423104
320262
132242
178255
126646
 43758
445305
250587
692325
863530
355203
313124
 85187
294253
319500
871393
388901
 78146
422145
966942
394428
999936
 21539
576091
251436
149419
456789
781837
549822
846070
144770
972926
166333
793365
151182
809331
837123
112839
576270
 45800
492722
447826
358925
577909
742079
194777
965654
130980
272923
904151
614274
183703
904087
635814
759795
155523
301585
732936
453712
851407
579007
114834
340686
261692
908199
  8220
587375
261675
121059
163646
307475
613781
611472
182752
708042
869903
377529
673696
517236
166804
577847
131510
866860
998286
767324
143007
153809
 68910
875943
123873
436669
971302
238708
777355
749346
146907
785575
336722
408582
422987
500368
232410
553120
628192
415162
261163
498095
309044
451211
531683
992200
545411
663194
375412
 60049
946870
518419
730211
532132
394363
854084
968802
882017
 92792
262509
631364
756052
564437
968086
164634
987424
984806
397044
 56896
129350
328559
834411
143797
637603
801975
675481
146155
347386
338675
521568
407435
285545
 39987
137646
334030
950702
508083
302832
832720
117227
 81693
980436
873279
646130
948522
 37914
633554
449680
951310
206803
579030
279869
 41214
722827
433824
843189
914660
 96332
706927
253335
617900
630715
 55233
174239
284713
389263
124942
792796
208447
474014
910024
290140
454450
783303
936271
919324
337569
 86177
369004
288880
292980
464386
 85101
850547
703565
518926
693736
618226
615258
400664
387913
749510
 31379
959498
923749
316092
348761
565043
625241
 73560
 39057
535265
880053
493507
318568
332676
929183
656138
935205
814539
461370
744538
278925
546471
595085
498843
581749
288821
117069
197007
205837
 21334
462869
753568
980833
386619
586013
845946
951662
211254
919507
507072
746519
315912
516931
581439
648588
446115
753929
583793
260654
731651
328331
 55932
278123
439768
554775
859872
244942
671844
573232
450779
209530
 36101
720700
190363
939072
306713
 36310
407087
 34319
472169
914159
297190
788081
431090
394981
953021
393557
665263
 53166
654212
396914
897850
710144
675037
337618
264919
 51262
582560
453115
140846
549692
662645
693299
786744
853009
632372
609809
405671
555811
644128
877840
469970
941318
182273
417412
336299
135294
810970
  1562
188460
981534
914829
602662
691678
106218
940281
472949
157480
 39193
926064
814678
588885
105061
507978
375629
474422
656702
985438
880093
212513
145918
274285
198835
 87236
456558
616247
939888
108204
943569
457802
813017
925103
888983
415679
133133
995202
355960
606082
669034
395154
 48498
483713
500391
153560
508043
392373
144334
681097
894163
 24428
893610
 40082
298713
608797
643670
271624
741396
583558
379828
684966
557713
192845
126421
446696
608525
259555
441898
480837
381989
627285
392343
430488
110998
892735
100400
135393
801460
244734
816490
695623
785514
710100
735705
600580
835249
379376
872204
576645
479286
252032
777963
 36999
961230
420737
    48
569755
680292
958298
566944
578633
585583
959288
525473
212933
368375
625873
348326
169835
386960
164816
865458
688826
391268
601164
289406
742869
496892
161610
319515
976178
929995
613830
529530
891225
 34567
529578
977332
231211
  4228
544276
809845
589812
 19916
335318
319097
388291
477544
183776
 74478
380856
348592
939937
 69682
256213
 57453
875441
999082
554345
 37051
834949
530523
483398
448780
 60053
374623
999699
105983
351955
230911
110212
412584
 40756
216376
432500
892426
 51825
337144
886322
235601
927974
267178
100546
867911
853213
356759
441716
728654
872193
512413
765705
707143
 42937
765456
672275
619342
140079
671974
241678
  8387
419237
351890
937323
976345
 84618
886175
868772
136443
739671
755094
372045
667646
538625
472591
 51909
391838
345702
493626
120492
217895
  6039
402549
441390
565328
168005
630017
701023
824437
818344
942701
832824
237581
810943
286499
213927
895561
172674
599051
 32004
912346
870497
920401
 96344
409122
392992
148253
800960
255046
158231
437804
989294
164271
840354
430684
245951
  8359
577054
946974
349148
395398
406027
698324
149331
216970
984823
879610
628883
673850
478661
177240
102548
349159
 97641
198892
274633
  6986
347145
591946
262032
505377
 29750
251326
186000
386456
198363
948303
911168
291769
411630
260316
687167
817657
958641
352850
550980
459816
232461
179863
133666
711122
357103
236214
576633
971097
951458
367619
978083
298604
475917
756467
320333
505667
524146
 22685
408476
238861
970988
319644
530630
382618
579960
217797
716628
 54953
 86999
267608
514770
319460
963823
164788
546935
837279
401003
639920
808376
868813
  7539
302811
683769
999808
575630
  4102
505476
 99776
543139
430304
338637
514128
749948
869267
413098
846260
603416
129726
901214
690416
913686
932336
526228
877510
 97124
 73163
714789
 14479
229436
 39517
883293
753327
858680
567062
753136
434310
 87517
258612
534087
630656
688916
389076
661136
955216
258344
 74235
801476
378112
203961
219042
 68528
117648
667730
111109
511510
281207
184272
742651
295686
413708
782168
695331
167036
157200
778746
920172
591510
382615
695136
641949
 13271
900404
547378
190760
855620
805722
264995
173448
700186
468956
908843
285067
102956
576573
396176
614466
857780
580448
357117
669819
510509
655637
365150
193897
329189
660248
114069
437052
 42863
325557
 79001
572487
225961
626379
763247
597933
948453
544594
287733
648640
529902
196576
933707
632859
773150
329883
763677
147282
426683
637147
817101
937192
809136
698604
131089
138326
358852
761510
575378
918068
 87067
170731
  6907
829380
313463
770154
943665
261916
831100
231399
426908
361002
944327
876967
510213
233829
206850
273891
381112
149886
427390
714565
 87078
236526
413169
734520
374852
288374
 12382
466582
722794
615802
637314
729701
445182
950777
 16207
905200
729045
847307
136599
155954
208309
597278
 32921
718523
831108
756124
508766
212220
906010
936156
443137
509440
172682
372659
760312
 63887
661033
772695
 46821
383827
904849
684135
629880
350031
151264
646087
771583
396662
493394
908182
 68968
218055
 21813
101889
452930
852921
374365
961696
581493
796727
414204
 24630
822520
586887
397289
582832
167126
574674
871879
213947
474853
776728
414435
104733
643112
565699
267172
931047
962361
276918
355582
 31329
494974
377395
649571
464256
230316
540288
942305
811809
337016
356509
352791
159536
943396
266433
258720
110522
841107
646952
840822
832313
940032
255257
453398
 99496
820956
720571
 30544
299670
513841
386126
847351
525167
763521
 13274
989424
510189
553563
931729
838350
406931
288238
191141
 82819
747987
973926
341539
374861
331386
504843
215683
163699
961228
470940
133449
577076
808249
854020
607620
624271
367862
510098
471622
893029
789971
484897
398805
300160
554812
330534
138510
961743
618773
846004
 44562
366760
819930
902453
257973
151316
923649
473657
831367
884877
944597
964817
461953
269198
335189
585926
893469
219403
 96024
365092
628785
885996
366341
 27590
702508
437505
358125
841019
399248
493250
203375
960162
376362
539657
862615
634335
207326
302616
624344
 38693
187493
 85294
519862
165799
354492
371404
751725
247962
590807
364101
129406
735944
766449
 12099
763535
468958
449604
638012
826329
365204
647614
546056
325366
540328
 85713
704333
691015
293039
  6950
315360
848085
194443
400654
884299
876594
755146
255703
144671
519460
362863
508773
648866
 98807
791574
660965
378694
776884
626921
 16706
603213
992125
180672
665621
317491
721000
751335
 21825
412016
560726
 28775
727376
925163
739570
128030
809463
132517
399528
581518
277188
918989
460733
302313
 84207
559541
 93888
261525
454587
870772
888446
471294
990338
880572
651966
172311
714415
889319
923646
252592
301335
   725
281367
545063
925888
537290
189445
251703
669807
588973
833222
946995
 24314
810307
765661
108522
886200
859549
370047
340788
246673
774845
328434
753363
171769
496752
925675
402537
386071
365673
655129
687406
366398
452849
232469
292287
990139
938266
 60342
176298
527240
409916
639645
 67906
220224
405306
176428
106424
264855
 62827
447212
 27881
354025
775646
781244
525794
788751
223271
928331
174822
588945
 99813
378581
955343
552662
611050
763982
542801
 65669
340677
235451
592909
750593
875096
660815
970817
280403
353596
593594
 61610
932775
557158
 89491
286800
849157
387088
328947
637908
610359
773630
812730
715656
873443
191311
187352
942457
318714
467686
485258
384383
808363
720709
493644
558957
112158
670811
 46126
392561
 24407
639720
454171
473535
196879
 60015
276687
 46036
963455
605634
683944
 90166
895617
 13026
805823
285412
204338
993175
227870
 39404
460861
229480
940139
269225
466542
433783
344534
578700
104594
390660
971261
645354
546733
941784
118889
259964
518151
395576
822352
481606
517563
 22648
571773
413180
 35674
377596
214944
756364
887123
442814
312120
347984
672295
252259
133561
138837
686042
994447
233889
790637
901460
205150
952343
448193
663286
 71232
708157
181438
983160
 46861
663044
500723
 69509
751169
430255
105183
128765
645200
377900
 15888
 88014
690020
880225
276661
942280
530138
931850
628322
524586
165739
935311
426046
887241
887654
874239
550528
475238
 98748
248318
458399
145609
427714
959122
215118
178884
905730
836653
824001
550930
214553
356242
155296
420926
752819
431958
363206
282957
880160
507880
807543
 45900
443192
749941
933141
847198
624180
    21
838789
239280
764691
297188
901241
192406
772662
632711
887642
678392
985717
227995
745674
200270
584237
900971
621196
337056
849281
500754
136366
245793
  8635
943909
291693
968179
693851
741187
331729
834383
257560
170518
590016
 22252
467706
  7609
731010
756721
640321
618652
951465
626038
846647
697140
342660
947237
114463
480209
800645
963744
980963
937011
725889
505950
397273
 17583
990481
607476
275122
322211
958211
532682
  9081
548227
554934
476788
 72189
802296
749861
712510
420948
701326
854900
783948
398466
713912
247537
512929
194121
 48182
993025
691437
501546
718915
713739
898819
252850
704221
506295
527972
542784
464506
577006
551865
529086
648293
545005
601275
450589
294866
830137
387890
996193
201389
688190
911011
915301
935727
940293
625775
500261
449670
317212
  1807
684937
547303
900626
937787
251524
923273
982111
794308
904132
559118
346174
949570
207411
891179
 67197
658000
702398
897334
 45890
214943
 98723
734080
125954
530376
186159
582599
156151
686421
 32270
473363
688228
717207
537019
105207
654995
788543
544832
637106
 99204
448964
712576
961730
914886
919987
852909
982083
577988
 71659
395769
140230
286602
 10844
390663
412557
541221
576822
995156
697372
779595
543778
687088
467824
260986
224107
 89383
432333
529002
634215
585791
628206
599532
298368
589936
514418
218355
959198
 12854
312695
 30857
408623
452926
833812
935820
359941
246369
477041
936763
757877
690765
716359
301656
377853
700535
 78994
118312
789918
511327
647315
940485
 97118
791873
 56369
395486
898162
570788
130194
373712
 99994
442889
920921
 24969
895815
754733
960789
772108
517454
437830
708872
791684
128596
941583
609692
 22801
642118
688686
657466
948388
716365
821133
405225
813483
129358
461595
725322
 27520
548735
855516
917584
648729
298405
354858
190050
710573
109591
150840
482681
143398
105022
707905
451434
233618
649488
 61126
772772
807958
266164
946590
272698
982529
767723
677924
312364
897081
655871
 37686
440954
204606
409554
358538
369687
707960
713396
559737
934885
339340
226929
417566
999090
331952
641824
450524
 81922
291312
 28002
854694
615623
294166
801284
888321
793047
 85359
 82597
105411
982441
738468
659450
423395
459426
 69004
298285
345465
293316
528034
421555
228201
383726
164836
162120
899168
496788
803944
349692
578711
 95256
894046
949757
227231
188212
267394
115553
497611
352753
714502
603022
851546
969323
778824
791293
945101
847829
605931
806919
657497
133965
228474
885699
 34043
393310
 47819
933211
406451
851763
799255
985162
463371
693301
451271
690603
397865
718665
322508
895476
587771
 37010
 14850
439317
  6333
793675
746963
951435
157856
352894
274706
815353
  3211
503180
217404
 37254
412842
265223
486817
335645
633338
286072
320807
613062
979373
288431
303665
377238
  7096
142525
272714
111219
179535
287564
550537
702221
597591
297500
170008
755447
166746
444714
 87153
169957
464246
304557
207211
393440
 86133
694028
729086
719471
496452
 49893
332533
475825
338324
152550
369415
861773
295075
158481
972992
990963
962397
 39881
693184
 76341
853733
863192
831788
 20479
824258
435293
190436
288504
256203
913999
681944
342336
124379
411030
578159
620831
977276
427045
613008
831952
579595
982423
210077
391023
657256
183070
381986
619654
739303
591522
695995
593037
971066
 44135
613516
795324
995781
320305
600180
251984
234304
798476
110672
358684
725859
688831
979515
219487
115876
592524
 51439
211824
 91299
777869
119199
264908
477291
 17537
884562
216594
609059
 96909
809631
 96477
657396
939500
408153
169529
259805
  8333
421513
494109
323161
532185
852793
 49020
737369
348661
268507
369597
457537
836299
 97773
548836
614168
733324
813744
 91459
750861
214658
824405
876272
827919
150389
489101
  1668
 89889
897254
171197
866046
421939
592711
876507
745101
641248
245653
310473
894969
594314
578981
264567
568203
415280
878692
117039
545800
612017
447136
153611
879230
178146
978016
755503
522418
128405
244604
524086
734646
658211
695283
117044
 80150
804346
993552
341603
445595
239205
652077
856916
349871
231058
637835
918074
162690
516528
551465
224842
644897
514953
378453
524127
209452
356469
279630
731870
  1227
 40587
255956
252225
698798
951239
369270
295300
755586
362822
636904
717533
118379
288981
574449
984602
520039
212285
419028
199081
245165
970493
423923
890062
  1799
802376
414189
211251
675197
210172
943121
192776
767111
199077
445002
465909
666668
814272
761209
938606
693446
398113
172491
328177
203446
263293
312779
239837
475578
248159
438918
237095
218652
379193
127157
220451
697921
 57698
948054
373119
784222
891175
565895
551333
606604
527249
533594
273273
857873
294804
728231
551319
209269
900723
395848
929068
164016
224979
168905
155946
473138
124176
909393
208143
503369
 36550
944946
201291
610600
893001
 90762
394823
784176
173009
462508
390781
700259
